10                      00000 00000.00 A 
05 Mitchell Smith       00001 00100.00   
00                      00000 00000.00   
10                      00000 00000.00 A 
05 Albert Fung          00001 01000.00   
00                      00000 00000.00   
10                      00000 00000.00 A 
05 Janahan Math         00001 05000.00   
00                      00000 00000.00   
10                      00000 00000.00 A 
05 Stuart Calverley     00001 10000.00   
00                      00000 00000.00   
00                                       
